6,0,20
7,0,31
26,0,45
34,0,18
37,0,28
60,0,64
64,0,8
78,0,40
86,0,9
94,0,100
2,1,2
30,1,22
34,1,85
57,1,41
62,1,36
68,1,10
70,1,64
71,1,34
76,1,57
82,1,14
86,1,74
100,1,23
11,2,30
53,2,29
64,2,94
67,2,25
71,2,21
72,2,65
84,2,53
93,2,26
21,3,45
47,3,31
52,3,28
56,3,72
64,3,4
91,3,51
21,4,98
40,4,52
40,4,63
42,4,47
45,4,26
47,4,2
56,4,8
65,4,66
85,4,21
19,5,95
38,5,30
93,5,89
100,5,67
8,6,21
14,6,24
14,6,69
15,6,62
36,6,78
51,6,22
61,6,88
63,6,16
68,6,23
75,6,44
75,6,59
84,6,72
84,6,94
0,7,58
2,7,63
4,7,21
14,7,2
21,7,44
32,7,38
35,7,55
51,7,54
61,7,43
76,7,2
88,7,4
12,8,84
25,8,69
27,8,7
29,8,98
49,8,27
57,8,39
68,8,52
82,8,100
84,8,19
0,9,95
2,9,73
5,9,27
5,9,65
7,9,30
21,9,6
23,9,66
27,9,50
28,9,61
29,9,53
46,9,59
47,9,39
61,9,54
66,9,62
95,9,77
5,10,12
14,10,15
16,10,26
16,10,42
18,10,39
19,10,56
34,10,46
41,10,31
49,10,54
55,10,46
66,10,1
78,10,83
79,10,60
85,10,93
90,10,78
94,10,64
95,10,80
23,11,47
26,11,85
34,11,70
46,11,47
50,11,55
51,11,42
87,11,35
91,11,93
3,12,96
8,12,90
10,12,38
10,12,98
11,12,37
14,12,94
24,12,44
27,12,29
41,12,14
54,12,89
55,12,31
55,12,66
57,12,100
59,12,17
61,12,26
66,12,31
72,12,58
88,12,14
29,13,40
31,13,92
32,13,99
38,13,98
43,13,82
88,13,2
91,13,57
19,14,16
21,14,13
22,14,10
72,14,53
75,14,23
76,14,47
79,14,73
95,14,39
4,15,56
16,15,14
16,15,51
17,15,66
40,15,43
41,15,69
44,15,8
47,15,5
57,15,45
69,15,9
69,15,22
90,15,66
93,15,38
1,16,52
5,16,35
9,16,45
36,16,8
41,16,15
83,16,38
90,16,8
91,16,75
96,16,93
3,17,69
12,17,98
37,17,95
45,17,87
53,17,53
59,17,82
77,17,33
83,17,16
90,17,12
96,17,81
28,18,10
44,18,84
51,18,65
78,18,2
79,18,45
88,18,18
91,18,37
7,19,40
7,19,49
49,19,84
56,19,41
70,19,69
84,19,44
2,20,40
13,20,3
22,20,59
22,20,81
32,20,39
50,20,92
54,20,82
58,20,77
60,20,100
63,20,58
72,20,55
74,20,22
92,20,5
98,20,70
100,20,64
0,21,77
3,21,28
4,21,43
6,21,29
12,21,82
19,21,10
25,21,94
49,21,82
54,21,55
55,21,81
57,21,9
64,21,65
84,21,52
89,21,72
92,21,44
5,22,57
7,22,94
8,22,33
9,22,28
9,22,94
11,22,83
12,22,48
16,22,57
19,22,56
19,22,69
31,22,7
31,22,49
31,22,75
46,22,44
51,22,67
62,22,98
67,22,95
73,22,36
92,22,12
3,23,59
8,23,17
33,23,63
34,23,51
44,23,48
48,23,74
49,23,16
53,23,98
55,23,68
61,23,59
69,23,79
71,23,16
75,23,37
78,23,7
80,23,38
81,23,87
85,23,45
85,23,90
92,23,0
99,23,43
29,24,61
30,24,2
56,24,69
58,24,92
61,24,73
64,24,66
67,24,1
75,24,56
6,25,21
13,25,37
13,25,99
21,25,63
31,25,84
38,25,100
43,25,1
44,25,27
55,25,9
62,25,59
75,25,0
8,26,20
23,26,10
44,26,49
46,26,3
46,26,39
52,26,8
54,26,30
67,26,89
79,26,40
84,26,96
6,27,76
25,27,97
37,27,33
42,27,10
50,27,98
58,27,10
65,27,55
94,27,73
2,28,67
5,28,80
33,28,63
48,28,64
77,28,58
82,28,54
83,28,22
95,28,26
8,29,26
12,29,69
24,29,3
30,29,10
35,29,11
40,29,28
41,29,60
58,29,90
63,29,63
99,29,41
13,30,24
22,30,0
28,30,66
77,30,58
91,30,7
93,30,8
7,31,51
19,31,61
25,31,56
32,31,76
40,31,80
41,31,27
59,31,95
83,31,14
93,31,64
17,32,97
19,32,61
28,32,75
40,32,90
45,32,77
48,32,28
50,32,49
62,32,12
65,32,12
74,32,66
91,32,50
97,32,30
99,32,70
100,32,63
1,33,9
4,33,33
4,33,84
28,33,47
52,33,78
60,33,65
75,33,58
80,33,95
87,33,77
99,33,87
1,34,18
2,34,18
13,34,1
15,34,42
26,34,82
31,34,21
38,34,58
43,34,75
46,34,85
51,34,68
57,34,70
58,34,47
76,34,38
95,34,21
8,35,15
21,35,80
24,35,35
32,35,64
40,35,5
40,35,43
44,35,68
58,35,99
65,35,46
84,35,89
89,35,67
96,35,49
97,35,85
5,36,13
13,36,21
19,36,39
31,36,74
39,36,35
44,36,97
50,36,82
63,36,12
70,36,13
9,37,5
15,37,3
28,37,40
32,37,27
32,37,56
57,37,5
58,37,82
63,37,31
67,37,52
70,37,18
84,37,89
86,37,29
100,37,94
8,38,44
16,38,100
32,38,39
38,38,42
54,38,66
56,38,78
70,38,47
4,39,32
9,39,89
33,39,63
42,39,89
59,39,33
72,39,29
76,39,67
84,39,89
85,39,87
91,39,17
94,39,15
96,39,48
15,40,82
17,40,29
38,40,70
42,40,8
73,40,68
79,40,46
79,40,73
80,40,33
99,40,66
11,41,78
18,41,91
25,41,7
26,41,25
40,41,79
48,41,22
51,41,68
54,41,10
56,41,54
59,41,92
70,41,59
75,41,49
76,41,37
2,42,56
18,42,26
18,42,62
35,42,54
59,42,3
60,42,19
66,42,77
68,42,29
69,42,100
70,42,49
70,42,53
72,42,67
87,42,87
89,42,36
0,43,11
2,43,23
24,43,38
31,43,18
69,43,4
78,43,36
95,43,59
96,43,53
16,44,42
18,44,28
20,44,31
31,44,76
37,44,89
47,44,0
53,44,99
67,44,93
70,44,12
83,44,95
89,44,27
9,45,7
30,45,72
42,45,74
52,45,50
89,45,41
95,45,42
6,46,66
12,46,44
26,46,43
34,46,14
35,46,23
70,46,26
85,46,63
99,46,79
1,47,69
4,47,83
13,47,60
23,47,85
32,47,52
34,47,36
39,47,23
40,47,7
45,47,84
46,47,81
61,47,58
73,47,16
76,47,25
83,47,87
84,47,53
91,47,56
93,47,54
98,47,11
13,48,52
16,48,66
24,48,29
26,48,49
74,48,97
75,48,5
93,48,85
4,49,90
20,49,23
20,49,97
29,49,5
34,49,83
40,49,80
41,49,17
88,49,53
94,49,48
99,49,46
11,50,40
12,50,75
43,50,69
61,50,4
68,50,86
71,50,72
96,50,87
11,51,38
12,51,22
17,51,51
18,51,8
19,51,31
19,51,80
27,51,93
47,51,75
51,51,55
66,51,83
78,51,57
81,51,1
95,51,5
99,51,69
4,52,36
14,52,29
25,52,74
31,52,93
47,52,72
48,52,78
50,52,55
66,52,13
71,52,3
71,52,92
76,52,62
84,52,88
91,52,11
91,52,98
10,53,81
11,53,81
17,53,13
41,53,67
54,53,29
62,53,79
66,53,29
95,53,37
97,53,6
4,54,17
15,54,48
17,54,29
44,54,47
59,54,92
70,54,98
78,54,71
81,54,91
85,54,56
88,54,99
2,55,78
16,55,17
19,55,40
21,55,77
23,55,34
32,55,10
64,55,83
72,55,33
3,56,2
15,56,90
34,56,38
41,56,3
41,56,15
51,56,92
99,56,29
2,57,3
14,57,4
31,57,13
36,57,53
38,57,99
42,57,55
50,57,3
64,57,12
68,57,72
2,58,32
5,58,60
7,58,18
14,58,68
18,58,76
21,58,20
22,58,46
53,58,8
58,58,25
5,59,52
13,59,7
36,59,53
44,59,10
47,59,64
95,59,24
4,60,46
22,60,67
60,60,50
76,60,77
89,60,1
97,60,22
97,60,53
3,61,66
10,61,38
30,61,29
58,61,61
66,61,83
74,61,70
78,61,68
81,61,64
88,61,33
96,61,62
18,62,67
19,62,35
38,62,37
49,62,96
53,62,84
60,62,73
63,62,8
73,62,30
74,62,78
75,62,53
78,62,13
84,62,92
17,63,95
36,63,97
40,63,85
61,63,11
68,63,58
68,63,65
69,63,48
86,63,80
4,64,63
6,64,10
12,64,34
20,64,2
22,64,26
23,64,83
28,64,19
30,64,39
42,64,28
71,64,30
71,64,84
76,64,78
91,64,30
8,65,71
20,65,1
43,65,7
47,65,2
58,65,67
59,65,46
66,65,59
92,65,48
92,65,98
98,65,98
23,66,53
46,66,37
46,66,57
47,66,29
51,66,22
67,66,77
83,66,77
86,66,56
90,66,11
90,66,82
97,66,68
18,67,52
20,67,39
27,67,64
44,67,67
47,67,33
48,67,38
60,67,53
0,68,73
11,68,91
27,68,86
36,68,4
39,68,95
43,68,16
56,68,41
64,68,63
78,68,95
84,68,84
85,68,26
99,68,67
11,69,84
28,69,3
33,69,12
43,69,83
55,69,50
90,69,56
100,69,24
15,70,65
30,70,51
35,70,29
57,70,62
60,70,59
78,70,83
79,70,36
82,70,35
93,70,37
96,70,29
3,71,73
6,71,44
9,71,81
23,71,34
26,71,29
37,71,93
45,71,34
47,71,93
50,71,41
71,71,17
71,71,52
79,71,53
83,71,63
9,72,69
17,72,15
38,72,22
49,72,75
51,72,79
69,72,58
73,72,43
75,72,15
11,73,94
21,73,75
25,73,66
28,73,20
68,73,20
69,73,36
71,73,55
72,73,34
72,73,81
89,73,90
95,73,95
95,73,98
96,73,27
0,74,12
9,74,88
10,74,95
24,74,65
42,74,64
49,74,100
60,74,62
79,74,0
79,74,83
81,74,1
81,74,42
94,74,76
11,75,1
21,75,44
21,75,76
24,75,69
53,75,70
53,75,95
80,75,84
92,75,9
5,76,81
17,76,7
28,76,63
40,76,75
46,76,65
47,76,83
71,76,96
73,76,57
74,76,74
77,76,77
86,76,100
19,77,15
53,77,82
56,77,30
57,77,65
59,77,69
86,77,94
99,77,70
6,78,12
12,78,5
24,78,50
26,78,69
37,78,99
41,78,0
41,78,92
70,78,46
79,78,48
94,78,45
99,78,90
77,79,29
77,79,34
8,80,60
19,80,40
31,80,79
34,80,25
56,80,31
58,80,13
78,80,42
85,80,5
90,80,23
93,80,71
15,81,83
25,81,0
38,81,87
39,81,4
46,81,27
68,81,33
77,81,91
80,81,34
93,81,29
4,82,96
12,82,52
17,82,46
60,82,71
70,82,47
71,82,25
91,82,85
13,83,91
16,83,19
21,83,67
44,83,92
45,83,8
48,83,90
59,83,53
65,83,26
65,83,94
70,83,8
71,83,55
76,83,21
42,84,67
48,84,81
71,84,0
78,84,95
93,84,39
29,85,26
34,85,2
39,85,37
39,85,62
49,85,70
60,85,59
85,85,51
85,85,80
93,85,35
1,86,67
18,86,25
29,86,15
43,86,33
59,86,56
82,86,67
91,86,2
100,86,69
0,87,97
8,87,34
25,87,50
38,87,80
42,87,7
47,87,79
57,87,49
3,88,96
24,88,34
32,88,10
38,88,94
46,88,73
59,88,57
66,88,60
75,88,100
89,88,13
90,88,79
94,88,66
99,88,69
5,89,26
13,89,46
22,89,54
40,89,46
63,89,29
70,89,72
82,89,98
89,89,37
20,90,43
23,90,96
32,90,91
65,90,75
86,90,71
94,90,27
96,90,96
99,90,80
11,91,38
12,91,44
24,91,83
32,91,95
51,91,32
57,91,68
63,91,47
67,91,94
71,91,97
82,91,96
96,91,62
7,92,34
31,92,29
55,92,40
65,92,83
70,92,36
84,92,71
92,92,60
94,92,27
96,92,31
36,93,88
62,93,78
65,93,49
71,93,4
87,93,48
9,94,0
22,94,35
22,94,89
26,94,21
30,94,28
34,94,75
43,94,91
54,94,34
70,94,23
70,94,94
84,94,54
99,94,44
4,95,90
11,95,40
12,95,28
18,95,13
20,95,2
41,95,71
44,95,43
49,95,72
50,95,42
62,95,46
75,95,88
88,95,81
92,95,98
96,95,82
32,96,39
44,96,54
48,96,45
71,96,28
84,96,23
88,96,1
20,97,94
49,97,5
64,97,68
78,97,41
92,97,89
6,98,3
18,98,34
39,98,55
61,98,51
68,98,11
99,98,87
5,99,48
29,99,88
52,99,37
53,99,6
68,99,59
78,99,51
97,99,34
1,100,60
31,100,60
37,100,69
47,100,61
52,100,15
59,100,89
75,100,71
75,100,88
77,100,31
86,100,33
