0,21,77
0,43,11
0,68,73
0,7,58
0,74,12
0,87,97
0,9,95
1,100,60
1,16,52
1,33,9
1,34,18
1,47,69
1,86,67
10,12,38
10,12,98
10,53,81
10,61,38
10,74,95
100,1,23
100,20,64
100,32,63
100,37,94
100,5,67
100,69,24
100,86,69
11,12,37
11,2,30
11,22,83
11,41,78
11,50,40
11,51,38
11,53,81
11,68,91
11,69,84
11,73,94
11,75,1
11,91,38
11,95,40
12,17,98
12,21,82
12,22,48
12,29,69
12,46,44
12,50,75
12,51,22
12,64,34
12,78,5
12,8,84
12,82,52
12,91,44
12,95,28
13,20,3
13,25,37
13,25,99
13,30,24
13,34,1
13,36,21
13,47,60
13,48,52
13,59,7
13,83,91
13,89,46
14,10,15
14,12,94
14,52,29
14,57,4
14,58,68
14,6,24
14,6,69
14,7,2
15,34,42
15,37,3
15,40,82
15,54,48
15,56,90
15,6,62
15,70,65
15,81,83
16,10,26
16,10,42
16,15,14
16,15,51
16,22,57
16,38,100
16,44,42
16,48,66
16,55,17
16,83,19
17,15,66
17,32,97
17,40,29
17,51,51
17,53,13
17,54,29
17,63,95
17,72,15
17,76,7
17,82,46
18,10,39
18,41,91
18,42,26
18,42,62
18,44,28
18,51,8
18,58,76
18,62,67
18,67,52
18,86,25
18,95,13
18,98,34
19,10,56
19,14,16
19,21,10
19,22,56
19,22,69
19,31,61
19,32,61
19,36,39
19,5,95
19,51,31
19,51,80
19,55,40
19,62,35
19,77,15
19,80,40
2,1,2
2,20,40
2,28,67
2,34,18
2,42,56
2,43,23
2,55,78
2,57,3
2,58,32
2,7,63
2,9,73
20,44,31
20,49,23
20,49,97
20,64,2
20,65,1
20,67,39
20,90,43
20,95,2
20,97,94
21,14,13
21,25,63
21,3,45
21,35,80
21,4,98
21,55,77
21,58,20
21,7,44
21,73,75
21,75,44
21,75,76
21,83,67
21,9,6
22,14,10
22,20,59
22,20,81
22,30,0
22,58,46
22,60,67
22,64,26
22,89,54
22,94,35
22,94,89
23,11,47
23,26,10
23,47,85
23,55,34
23,64,83
23,66,53
23,71,34
23,9,66
23,90,96
24,12,44
24,29,3
24,35,35
24,43,38
24,48,29
24,74,65
24,75,69
24,78,50
24,88,34
24,91,83
25,21,94
25,27,97
25,31,56
25,41,7
25,52,74
25,73,66
25,8,69
25,81,0
25,87,50
26,0,45
26,11,85
26,34,82
26,41,25
26,46,43
26,48,49
26,71,29
26,78,69
26,94,21
27,12,29
27,51,93
27,67,64
27,68,86
27,8,7
27,9,50
28,18,10
28,30,66
28,32,75
28,33,47
28,37,40
28,64,19
28,69,3
28,73,20
28,76,63
28,9,61
29,13,40
29,24,61
29,49,5
29,8,98
29,85,26
29,86,15
29,9,53
29,99,88
3,12,96
3,17,69
3,21,28
3,23,59
3,56,2
3,61,66
3,71,73
3,88,96
30,1,22
30,24,2
30,29,10
30,45,72
30,61,29
30,64,39
30,70,51
30,94,28
31,100,60
31,13,92
31,22,49
31,22,7
31,22,75
31,25,84
31,34,21
31,36,74
31,43,18
31,44,76
31,52,93
31,57,13
31,80,79
31,92,29
32,13,99
32,20,39
32,31,76
32,35,64
32,37,27
32,37,56
32,38,39
32,47,52
32,55,10
32,7,38
32,88,10
32,90,91
32,91,95
32,96,39
33,23,63
33,28,63
33,39,63
33,69,12
34,0,18
34,1,85
34,10,46
34,11,70
34,23,51
34,46,14
34,47,36
34,49,83
34,56,38
34,80,25
34,85,2
34,94,75
35,29,11
35,42,54
35,46,23
35,7,55
35,70,29
36,16,8
36,57,53
36,59,53
36,6,78
36,63,97
36,68,4
36,93,88
37,0,28
37,100,69
37,17,95
37,27,33
37,44,89
37,71,93
37,78,99
38,13,98
38,25,100
38,34,58
38,38,42
38,40,70
38,5,30
38,57,99
38,62,37
38,72,22
38,81,87
38,87,80
38,88,94
39,36,35
39,47,23
39,68,95
39,81,4
39,85,37
39,85,62
39,98,55
4,15,56
4,21,43
4,33,33
4,33,84
4,39,32
4,47,83
4,49,90
4,52,36
4,54,17
4,60,46
4,64,63
4,7,21
4,82,96
4,95,90
40,15,43
40,29,28
40,31,80
40,32,90
40,35,43
40,35,5
40,4,52
40,4,63
40,41,79
40,47,7
40,49,80
40,63,85
40,76,75
40,89,46
41,10,31
41,12,14
41,15,69
41,16,15
41,29,60
41,31,27
41,49,17
41,53,67
41,56,15
41,56,3
41,78,0
41,78,92
41,95,71
42,27,10
42,39,89
42,4,47
42,40,8
42,45,74
42,57,55
42,64,28
42,74,64
42,84,67
42,87,7
43,13,82
43,25,1
43,34,75
43,50,69
43,65,7
43,68,16
43,69,83
43,86,33
43,94,91
44,15,8
44,18,84
44,23,48
44,25,27
44,26,49
44,35,68
44,36,97
44,54,47
44,59,10
44,67,67
44,83,92
44,95,43
44,96,54
45,17,87
45,32,77
45,4,26
45,47,84
45,71,34
45,83,8
46,11,47
46,22,44
46,26,3
46,26,39
46,34,85
46,47,81
46,66,37
46,66,57
46,76,65
46,81,27
46,88,73
46,9,59
47,100,61
47,15,5
47,3,31
47,4,2
47,44,0
47,51,75
47,52,72
47,59,64
47,65,2
47,66,29
47,67,33
47,71,93
47,76,83
47,87,79
47,9,39
48,23,74
48,28,64
48,32,28
48,41,22
48,52,78
48,67,38
48,83,90
48,84,81
48,96,45
49,10,54
49,19,84
49,21,82
49,23,16
49,62,96
49,72,75
49,74,100
49,8,27
49,85,70
49,95,72
49,97,5
5,10,12
5,16,35
5,22,57
5,28,80
5,36,13
5,58,60
5,59,52
5,76,81
5,89,26
5,9,27
5,9,65
5,99,48
50,11,55
50,20,92
50,27,98
50,32,49
50,36,82
50,52,55
50,57,3
50,71,41
50,95,42
51,11,42
51,18,65
51,22,67
51,34,68
51,41,68
51,51,55
51,56,92
51,6,22
51,66,22
51,7,54
51,72,79
51,91,32
52,100,15
52,26,8
52,3,28
52,33,78
52,45,50
52,99,37
53,17,53
53,2,29
53,23,98
53,44,99
53,58,8
53,62,84
53,75,70
53,75,95
53,77,82
53,99,6
54,12,89
54,20,82
54,21,55
54,26,30
54,38,66
54,41,10
54,53,29
54,94,34
55,10,46
55,12,31
55,12,66
55,21,81
55,23,68
55,25,9
55,69,50
55,92,40
56,19,41
56,24,69
56,3,72
56,38,78
56,4,8
56,41,54
56,68,41
56,77,30
56,80,31
57,1,41
57,12,100
57,15,45
57,21,9
57,34,70
57,37,5
57,70,62
57,77,65
57,8,39
57,87,49
57,91,68
58,20,77
58,24,92
58,27,10
58,29,90
58,34,47
58,35,99
58,37,82
58,58,25
58,61,61
58,65,67
58,80,13
59,100,89
59,12,17
59,17,82
59,31,95
59,39,33
59,41,92
59,42,3
59,54,92
59,65,46
59,77,69
59,83,53
59,86,56
59,88,57
6,0,20
6,21,29
6,25,21
6,27,76
6,46,66
6,64,10
6,71,44
6,78,12
6,98,3
60,0,64
60,20,100
60,33,65
60,42,19
60,60,50
60,62,73
60,67,53
60,70,59
60,74,62
60,82,71
60,85,59
61,12,26
61,23,59
61,24,73
61,47,58
61,50,4
61,6,88
61,63,11
61,7,43
61,9,54
61,98,51
62,1,36
62,22,98
62,25,59
62,32,12
62,53,79
62,93,78
62,95,46
63,20,58
63,29,63
63,36,12
63,37,31
63,6,16
63,62,8
63,89,29
63,91,47
64,0,8
64,2,94
64,21,65
64,24,66
64,3,4
64,55,83
64,57,12
64,68,63
64,97,68
65,27,55
65,32,12
65,35,46
65,4,66
65,83,26
65,83,94
65,90,75
65,92,83
65,93,49
66,10,1
66,12,31
66,42,77
66,51,83
66,52,13
66,53,29
66,61,83
66,65,59
66,88,60
66,9,62
67,2,25
67,22,95
67,24,1
67,26,89
67,37,52
67,44,93
67,66,77
67,91,94
68,1,10
68,42,29
68,50,86
68,57,72
68,6,23
68,63,58
68,63,65
68,73,20
68,8,52
68,81,33
68,98,11
68,99,59
69,15,22
69,15,9
69,23,79
69,42,100
69,43,4
69,63,48
69,72,58
69,73,36
7,0,31
7,19,40
7,19,49
7,22,94
7,31,51
7,58,18
7,9,30
7,92,34
70,1,64
70,19,69
70,36,13
70,37,18
70,38,47
70,41,59
70,42,49
70,42,53
70,44,12
70,46,26
70,54,98
70,78,46
70,82,47
70,83,8
70,89,72
70,92,36
70,94,23
70,94,94
71,1,34
71,2,21
71,23,16
71,50,72
71,52,3
71,52,92
71,64,30
71,64,84
71,71,17
71,71,52
71,73,55
71,76,96
71,82,25
71,83,55
71,84,0
71,91,97
71,93,4
71,96,28
72,12,58
72,14,53
72,2,65
72,20,55
72,39,29
72,42,67
72,55,33
72,73,34
72,73,81
73,22,36
73,40,68
73,47,16
73,62,30
73,72,43
73,76,57
74,20,22
74,32,66
74,48,97
74,61,70
74,62,78
74,76,74
75,100,71
75,100,88
75,14,23
75,23,37
75,24,56
75,25,0
75,33,58
75,41,49
75,48,5
75,6,44
75,6,59
75,62,53
75,72,15
75,88,100
75,95,88
76,1,57
76,14,47
76,34,38
76,39,67
76,41,37
76,47,25
76,52,62
76,60,77
76,64,78
76,7,2
76,83,21
77,100,31
77,17,33
77,28,58
77,30,58
77,76,77
77,79,29
77,79,34
77,81,91
78,0,40
78,10,83
78,18,2
78,23,7
78,43,36
78,51,57
78,54,71
78,61,68
78,62,13
78,68,95
78,70,83
78,80,42
78,84,95
78,97,41
78,99,51
79,10,60
79,14,73
79,18,45
79,26,40
79,40,46
79,40,73
79,70,36
79,71,53
79,74,0
79,74,83
79,78,48
8,12,90
8,22,33
8,23,17
8,26,20
8,29,26
8,35,15
8,38,44
8,6,21
8,65,71
8,80,60
8,87,34
80,23,38
80,33,95
80,40,33
80,75,84
80,81,34
81,23,87
81,51,1
81,54,91
81,61,64
81,74,1
81,74,42
82,1,14
82,28,54
82,70,35
82,8,100
82,86,67
82,89,98
82,91,96
83,16,38
83,17,16
83,28,22
83,31,14
83,44,95
83,47,87
83,66,77
83,71,63
84,19,44
84,2,53
84,21,52
84,26,96
84,35,89
84,37,89
84,39,89
84,47,53
84,52,88
84,6,72
84,6,94
84,62,92
84,68,84
84,8,19
84,92,71
84,94,54
84,96,23
85,10,93
85,23,45
85,23,90
85,39,87
85,4,21
85,46,63
85,54,56
85,68,26
85,80,5
85,85,51
85,85,80
86,0,9
86,1,74
86,100,33
86,37,29
86,63,80
86,66,56
86,76,100
86,77,94
86,90,71
87,11,35
87,33,77
87,42,87
87,93,48
88,12,14
88,13,2
88,18,18
88,49,53
88,54,99
88,61,33
88,7,4
88,95,81
88,96,1
89,21,72
89,35,67
89,42,36
89,44,27
89,45,41
89,60,1
89,73,90
89,88,13
89,89,37
9,16,45
9,22,28
9,22,94
9,37,5
9,39,89
9,45,7
9,71,81
9,72,69
9,74,88
9,94,0
90,10,78
90,15,66
90,16,8
90,17,12
90,66,11
90,66,82
90,69,56
90,80,23
90,88,79
91,11,93
91,13,57
91,16,75
91,18,37
91,3,51
91,30,7
91,32,50
91,39,17
91,47,56
91,52,11
91,52,98
91,64,30
91,82,85
91,86,2
92,20,5
92,21,44
92,22,12
92,23,0
92,65,48
92,65,98
92,75,9
92,92,60
92,95,98
92,97,89
93,15,38
93,2,26
93,30,8
93,31,64
93,47,54
93,48,85
93,5,89
93,70,37
93,80,71
93,81,29
93,84,39
93,85,35
94,0,100
94,10,64
94,27,73
94,39,15
94,49,48
94,74,76
94,78,45
94,88,66
94,90,27
94,92,27
95,10,80
95,14,39
95,28,26
95,34,21
95,43,59
95,45,42
95,51,5
95,53,37
95,59,24
95,73,95
95,73,98
95,9,77
96,16,93
96,17,81
96,35,49
96,39,48
96,43,53
96,50,87
96,61,62
96,70,29
96,73,27
96,90,96
96,91,62
96,92,31
96,95,82
97,32,30
97,35,85
97,53,6
97,60,22
97,60,53
97,66,68
97,99,34
98,20,70
98,47,11
98,65,98
99,23,43
99,29,41
99,32,70
99,33,87
99,40,66
99,46,79
99,49,46
99,51,69
99,56,29
99,68,67
99,77,70
99,78,90
99,88,69
99,90,80
99,94,44
99,98,87
