88,98,67
40,32,19
12,92,54
16,44,68
61,71,40
71,53,21
79,24,98
73,15,6
39,87,99
56,9,90
71,96,7
52,96,41
69,88,34
75,10,54
73,66,12
77,48,59
35,82,43
87,57,53
72,92,28
75,53,100
34,49,14
17,4,98
59,41,71
87,11,32
68,4,42
77,34,0
83,86,6
97,91,63
84,40,33
76,52,76
48,22,0
13,7,51
82,41,84
23,7,76
61,10,99
90,46,69
44,79,80
88,24,46
88,29,21
73,73,5
71,27,6
9,96,96
99,67,97
73,100,5
67,98,5
100,97,49
26,9,80
23,85,93
42,80,55
73,4,38
64,9,42
11,56,72
80,67,35
1,61,72
80,72,97
97,11,86
95,97,44
3,37,2
96,93,90
64,22,91
80,100,65
73,89,16
90,32,6
90,18,55
18,82,92
25,97,76
42,87,58
47,95,74
48,47,74
19,10,52
75,14,23
22,82,81
7,37,86
10,52,20
14,18,19
66,47,30
1,60,28
24,27,93
4,69,10
56,50,97
27,99,100
77,16,52
76,26,56
40,58,31
14,94,34
37,67,18
63,74,100
16,68,8
75,9,84
6,21,5
67,61,41
38,92,17
47,60,82
62,62,94
99,21,7
67,57,59
60,74,91
9,19,62
37,66,78
50,29,83
70,18,49
55,78,49
0,76,31
51,3,73
60,2,36
32,10,55
18,32,13
7,49,100
12,19,27
13,34,39
39,80,59
64,75,28
76,1,53
59,99,24
59,65,21
40,74,91
100,90,87
41,2,48
35,95,75
94,89,99
100,83,89
70,21,25
84,11,19
35,65,19
32,4,60
11,22,82
30,97,4
29,66,2
57,61,65
15,63,4
83,34,1
79,11,29
4,68,70
20,81,80
27,46,1
91,16,8
60,4,23
96,83,31
84,99,71
86,60,8
8,33,30
84,68,76
11,34,72
98,59,50
43,74,6
35,87,77
70,54,38
91,6,87
18,14,73
97,35,55
70,0,78
25,99,20
38,73,46
9,17,28
69,88,27
66,22,40
95,54,55
78,87,90
62,11,7
74,14,43
59,83,62
30,16,43
93,67,22
92,37,25
89,3,44
77,34,73
85,26,31
87,93,23
61,94,23
18,90,56
65,47,64
76,26,40
67,5,80
0,36,62
96,5,96
26,86,53
59,23,54
85,71,3
67,76,8
35,63,88
46,89,4
36,77,85
39,82,58
80,87,54
29,11,61
98,56,11
81,47,93
59,43,40
5,96,45
52,51,24
55,16,9
2,56,97
64,42,46
50,16,63
1,35,11
0,29,72
60,45,99
64,17,55
41,88,5
25,44,96
59,48,86
64,66,40
12,97,96
1,1,27
53,73,2
13,41,99
32,93,14
33,50,32
64,62,1
28,45,51
4,4,76
80,39,79
74,91,32
14,14,35
64,93,46
37,68,27
21,65,96
57,23,92
14,60,97
33,31,95
82,24,50
26,80,42
86,31,5
81,51,27
5,70,9
40,26,21
18,26,78
48,19,53
31,58,100
99,86,15
3,39,34
65,79,56
82,86,90
50,78,18
23,68,35
73,4,58
27,92,58
93,82,17
74,33,91
45,27,6
84,83,9
21,5,48
16,73,33
51,16,40
0,3,50
4,89,83
33,57,98
83,24,5
31,75,19
12,63,83
63,91,54
100,61,21
14,36,96
66,38,49
92,37,45
46,69,94
20,86,39
58,57,58
0,85,31
38,29,0
14,64,28
49,62,65
37,11,3
23,30,78
70,57,59
35,39,58
24,21,18
6,3,25
41,90,78
35,35,75
80,97,72
57,98,93
61,55,85
67,17,80
86,69,30
67,59,27
41,86,44
85,34,79
29,94,89
24,70,50
26,68,78
94,79,47
44,63,72
8,51,20
61,94,78
95,13,48
41,15,77
16,21,59
49,59,26
9,21,94
9,71,18
64,54,36
38,70,93
29,50,8
48,35,62
67,27,71
47,30,55
96,19,21
72,75,35
57,39,66
59,59,9
40,64,91
21,49,1
59,3,56
94,78,82
85,42,78
86,22,24
68,52,19
70,41,0
47,0,42
48,17,7
24,98,58
21,59,37
40,29,9
55,10,61
73,2,42
35,67,77
20,99,86
63,99,82
13,0,13
50,67,33
22,35,53
47,11,23
95,1,20
4,80,56
70,95,19
33,92,69
20,46,31
62,84,45
73,10,34
5,55,68
0,21,62
91,85,87
54,71,60
82,68,57
28,97,78
1,16,82
72,70,10
94,22,49
16,18,3
79,0,34
65,48,42
63,91,88
58,68,54
35,68,15
91,98,73
21,97,27
12,56,72
27,68,75
48,96,94
63,19,40
85,90,66
51,45,53
67,50,32
84,62,77
89,72,82
2,26,79
40,51,54
42,42,46
11,26,59
18,95,3
97,85,57
89,68,1
61,18,5
61,80,43
12,78,81
20,14,0
52,93,1
90,4,44
76,97,70
88,60,24
6,28,51
72,6,3
83,49,89
15,48,81
49,58,2
24,83,61
0,21,29
43,100,77
29,52,74
83,43,17
85,67,75
27,28,47
10,77,46
39,8,99
93,93,63
57,93,65
62,62,12
74,6,33
19,48,69
18,87,7
38,3,23
65,100,24
56,52,35
74,57,42
89,20,35
17,82,85
64,89,53
62,41,82
57,39,35
16,90,76
1,59,17
38,2,42
94,1,7
13,49,47
25,94,17
14,42,31
74,85,4
50,29,2
54,23,75
34,94,8
66,44,47
56,29,45
81,24,50
90,69,28
9,36,76
31,32,73
65,9,22
100,55,6
25,70,50
25,50,42
16,88,49
14,61,53
7,47,34
53,90,73
25,96,53
82,24,2
44,7,83
12,98,100
49,3,21
29,12,23
28,93,26
20,83,3
57,70,89
87,18,68
73,93,36
73,25,35
73,41,26
31,94,26
33,89,10
79,51,33
31,52,53
98,99,82
51,7,52
44,5,76
21,64,44
12,38,84
57,91,51
8,65,35
34,87,38
5,11,72
40,62,93
62,57,48
29,5,37
51,85,79
54,40,37
82,74,39
41,87,1
7,68,42
74,79,37
17,13,95
58,92,31
27,61,65
63,17,58
86,80,93
2,76,40
30,45,16
82,35,72
87,63,56
17,39,33
41,62,16
33,57,100
25,67,19
34,81,3
18,93,6
6,76,39
34,76,51
23,52,68
28,25,79
76,25,24
69,70,62
64,33,34
24,3,64
39,44,28
72,59,76
69,1,3
57,90,69
41,30,35
11,38,72
21,70,14
10,80,96
21,92,22
53,1,78
83,8,23
37,96,77
69,49,87
34,51,80
76,90,5
70,4,76
46,14,35
26,92,4
43,27,2
51,23,37
63,100,87
25,37,9
6,11,0
30,18,12
7,74,16
35,41,35
46,10,42
70,40,43
2,100,41
46,68,92
93,46,80
97,86,9
0,20,69
89,23,31
84,96,87
46,13,73
35,99,36
98,16,76
51,28,80
61,1,92
100,26,85
42,11,91
14,43,76
30,73,42
42,89,6
87,50,76
47,9,60
86,19,4
90,16,87
13,15,73
39,97,33
73,97,11
13,13,8
17,41,10
46,78,35
71,34,31
27,3,20
14,1,40
9,64,18
97,54,84
27,99,26
69,38,91
18,37,74
41,66,84
91,26,62
83,81,85
39,29,13
12,74,42
56,24,70
60,85,56
98,26,96
1,99,39
62,100,95
18,81,22
4,77,84
53,23,72
28,86,46
23,7,49
55,6,11
72,17,12
8,17,4
67,39,22
23,76,80
33,51,78
32,56,9
92,95,24
6,18,88
36,82,29
10,31,29
54,29,16
34,10,66
62,23,98
41,83,35
68,92,65
56,10,71
93,12,0
23,19,45
25,64,26
10,11,76
94,31,17
88,67,14
77,2,29
60,86,62
41,30,15
66,99,25
26,4,81
90,97,20
10,71,21
39,59,65
70,85,90
3,8,16
85,41,83
23,40,79
41,13,9
28,46,95
47,92,4
81,8,92
71,47,20
27,48,42
96,59,96
2,64,40
90,20,55
3,55,3
83,75,4
23,25,96
79,32,64
13,27,2
29,32,82
57,3,44
80,28,12
26,88,33
52,79,81
47,53,9
2,77,18
27,52,88
19,72,73
7,28,52
69,50,33
0,33,74
77,85,11
40,11,12
25,16,4
38,12,93
0,73,71
90,95,57
58,45,31
49,67,55
91,22,31
65,51,40
71,52,28
86,65,18
68,62,1
23,52,27
19,58,25
99,79,81
95,21,45
9,90,62
30,20,99
40,68,10
65,44,52
39,88,68
99,96,77
19,20,68
94,80,73
78,38,69
56,36,3
57,87,97
45,62,8
50,88,53
15,94,82
22,77,25
71,7,41
69,65,20
17,36,10
90,62,98
50,95,85
46,79,97
95,64,32
2,4,92
53,57,19
31,87,80
18,54,82
13,27,56
33,84,80
82,92,25
3,23,69
82,24,51
100,81,34
54,49,72
68,69,78
65,66,9
86,73,12
54,31,100
21,1,65
72,46,95
38,96,11
22,11,77
95,0,25
100,53,12
100,6,13
83,19,1
36,89,36
40,55,69
1,92,44
55,72,61
52,37,12
91,21,26
84,70,77
71,25,53
2,11,87
90,78,78
80,12,9
2,25,9
51,7,70
63,90,83
94,81,23
91,42,98
73,51,15
49,14,24
93,1,73
83,73,87
10,97,35
98,84,95
5,52,10
89,74,10
73,5,9
98,63,35
56,1,90
98,36,32
56,91,91
82,62,18
83,40,65
75,19,26
77,68,86
73,54,11
70,87,9
2,7,98
5,2,16
61,76,15
61,62,4
27,56,1
13,19,80
69,99,92
25,46,80
83,31,53
78,50,72
9,86,22
17,78,62
63,22,98
44,27,55
7,34,5
92,74,93
75,85,56
98,52,68
3,25,12
31,55,51
71,4,93
95,8,19
11,51,30
25,59,98
57,44,58
58,2,87
60,5,58
31,73,15
100,30,63
73,85,8
57,41,50
43,52,69
7,6,14
71,47,64
1,5,66
1,0,20
21,72,49
11,53,68
65,31,91
68,66,81
70,15,74
79,9,45
2,1,31
53,91,54
69,78,43
35,1,13
12,7,84
47,56,14
60,59,5
30,99,98
21,84,0
61,13,76
46,17,66
44,88,11
8,18,95
58,38,47
98,57,3
25,18,92
42,58,6
65,69,35
47,17,40
40,58,77
18,50,85
50,96,15
41,47,90
13,59,63
51,40,4
19,23,19
20,15,33
87,0,65
55,81,8
65,3,3
64,78,100
77,64,85
17,21,42
28,97,96
37,28,55
64,45,69
32,94,7
13,24,46
47,49,15
89,61,18
64,3,44
39,43,41
74,88,90
27,52,28
3,22,44
75,67,48
69,59,76
16,81,39
42,59,21
14,75,84
13,65,57
20,55,31
57,81,49
52,40,100
65,11,55
16,87,44
29,61,94
58,30,14
13,11,31
96,67,81
56,31,91
76,79,27
17,63,63
74,67,4
56,70,97
67,21,13
70,32,74
26,16,74
13,59,81
71,1,61
40,32,89
59,78,90
1,33,50
95,0,40
25,76,22
70,40,60
67,17,24
56,96,64
76,8,95
70,13,43
65,0,30
78,2,0
37,27,92
29,42,19
67,25,82
74,78,82
81,95,7
31,55,81
67,19,51
7,12,81
65,7,59
70,80,42
60,89,80
85,99,59
57,47,9
96,25,65
86,69,17
100,72,68
12,75,8
94,13,29
23,28,33
46,68,12
18,8,76
33,69,61
49,100,8
27,55,56
97,72,84
85,39,50
29,100,15
33,22,49
13,24,82
21,92,38
32,99,29
90,47,87
50,25,9
34,39,3
83,36,39
96,91,26
10,21,56
25,65,97
22,28,20
26,30,46
10,56,82
55,65,82
2,59,89
59,49,62
36,46,41
37,47,80
91,35,44
43,19,7
11,27,58
73,62,16
12,46,61
6,58,0
93,54,89
52,19,95
47,4,42
7,11,18
92,35,66
42,17,47
83,23,42
61,32,94
57,9,71
9,68,86
67,94,21
17,49,47
42,37,31
52,13,97
7,98,18
76,16,58
42,52,98
25,59,74
20,5,8
71,27,25
47,73,14
37,65,93
7,9,71
80,19,4
33,76,89
9,3,37
60,80,39
45,95,79
38,95,7
45,55,58
10,49,26
64,10,34
8,94,6
47,10,34
2,8,79
4,54,96
22,22,46
5,10,100
79,44,22
99,66,58
19,95,83
8,16,88
84,72,95
40,83,85
9,28,27
4,5,7
67,60,93
50,22,94
45,16,68
99,22,83
49,0,19
2,33,8
100,61,0
11,30,98
71,60,92
70,51,31
11,65,38
89,65,74
20,44,15
40,3,73
14,48,93
74,100,30
71,86,70
84,97,18
50,29,2
100,96,96
97,37,72
12,75,98
48,94,77
41,80,99
95,65,84
68,1,9
67,74,90
96,53,12
46,61,9
52,9,92
77,48,51
51,66,74
74,20,16
80,24,98
48,17,40
93,37,72
72,90,42
31,33,75
14,17,74
49,26,8
15,58,30
58,91,59
87,70,100
78,82,20
46,55,79
58,19,28
85,34,34
42,51,41
28,75,17
96,37,1
17,93,64
70,22,36
23,11,73
47,56,69
93,44,94
51,68,29
28,75,95
19,33,18
65,29,49
