32,38,48
42,4,24
16,5,2
4,36,23
27,12,1
39,37,15
39,4,30
48,47,12
40,49,42
20,27,45
45,21,28
21,11,22
25,13,34
44,41,2
49,8,28
28,48,32
19,5,47
0,23,42
46,9,2
38,14,44
18,19,27
49,12,5
11,48,6
28,31,31
8,30,5
39,31,6
16,24,5
16,36,22
21,18,28
2,31,20
47,48,17
29,31,1
34,39,43
45,21,45
49,21,38
48,11,49
23,26,24
11,1,24
27,43,29
38,13,1
41,46,10
18,45,30
10,46,4
43,4,43
49,29,26
20,37,11
43,12,48
45,12,20
1,18,14
37,28,38
10,37,16
22,42,15
21,42,44
8,20,48
17,23,8
10,21,14
4,18,45
36,11,7
20,47,1
49,37,41
23,23,49
13,40,29
17,34,14
47,3,7
34,43,26
30,31,4
3,15,41
35,34,35
40,2,17
42,13,45
11,12,13
25,30,23
3,39,9
37,21,43
26,12,22
33,41,0
40,43,34
6,40,46
7,47,40
47,12,2
6,4,27
43,15,16
45,32,5
3,1,23
15,27,38
17,47,49
33,40,20
3,22,13
0,30,21
46,23,17
48,29,33
2,13,10
10,37,28
33,0,14
36,31,49
43,15,2
10,38,33
28,45,26
12,34,45
17,24,44
