0,3
0,43
0,52
0,58
0,63
0,64
0,69
0,8
0,86
0,87
0,89
0,89
1,12
1,18
1,20
1,24
1,24
1,26
1,43
1,43
1,55
1,55
1,66
1,74
1,83
1,9
1,95
10,1
10,24
10,5
10,52
10,54
10,87
10,89
10,94
10,96
100,13
100,15
100,24
100,25
100,50
100,75
11,18
11,32
11,53
11,62
11,69
11,88
12,10
12,30
12,37
12,40
12,40
12,43
12,49
12,68
12,81
12,9
12,91
12,91
12,98
13,15
13,34
13,38
13,65
13,66
13,75
13,88
13,89
13,93
14,11
14,12
14,13
14,19
14,2
14,32
14,55
14,56
14,77
14,77
14,83
14,95
14,96
15,21
15,25
15,60
15,69
15,73
15,81
16,21
16,4
16,44
16,63
16,8
16,90
16,91
17,13
17,16
17,16
17,16
17,20
17,42
17,72
17,79
18,12
18,12
18,29
18,34
18,36
18,39
18,79
18,8
18,93
19,19
19,19
19,21
19,23
19,23
19,24
19,35
19,51
19,59
19,64
19,81
2,10
2,12
2,21
2,29
2,3
2,37
2,40
2,41
2,44
2,57
2,68
2,76
2,92
2,94
2,99
20,33
20,38
20,40
20,56
20,86
21,32
21,37
21,46
21,5
21,51
21,70
21,86
21,93
22,20
22,34
22,45
22,55
22,59
22,65
22,76
22,77
22,84
22,9
23,18
23,20
23,31
23,41
23,52
23,65
23,72
23,87
23,88
23,91
23,98
24,13
24,15
24,19
24,22
24,22
24,43
24,49
24,50
24,55
24,62
24,68
24,69
24,70
24,79
24,82
25,24
25,28
25,40
25,64
25,71
25,74
25,77
26,100
26,13
26,20
26,32
26,59
26,73
26,74
26,75
26,76
26,89
26,97
27,12
27,2
27,31
27,47
27,61
27,61
27,69
27,7
27,80
27,88
27,91
27,93
27,94
28,15
28,58
28,63
28,73
28,75
28,78
28,91
29,100
29,17
29,23
29,32
29,5
29,63
29,95
3,2
3,23
3,39
3,40
3,53
3,55
3,81
30,0
30,29
30,37
30,55
30,56
30,6
30,69
30,71
30,76
30,8
30,9
30,94
30,99
31,0
31,22
31,24
31,28
31,30
31,31
31,72
31,73
31,93
31,98
32,14
32,18
32,26
32,38
32,4
32,41
32,54
32,7
32,75
32,89
32,94
33,13
33,16
33,20
33,38
33,40
33,67
33,86
33,91
33,96
34,25
34,36
34,36
34,41
34,44
34,62
34,7
34,71
34,72
34,73
34,80
34,82
34,84
35,17
35,18
35,20
35,35
35,46
35,47
35,51
35,54
35,72
35,79
35,95
35,97
36,16
36,2
36,27
36,37
36,4
36,48
36,52
36,61
36,75
36,91
36,97
36,99
37,17
37,23
37,26
37,35
37,57
37,73
37,90
37,93
38,15
38,22
38,36
38,36
38,37
38,51
38,57
38,60
38,72
38,85
38,90
39,19
39,20
39,26
39,4
39,54
39,55
39,56
39,60
39,63
39,7
39,70
39,77
39,81
39,94
39,99
4,15
4,38
4,43
4,52
4,71
4,74
4,87
4,89
40,16
40,17
40,18
40,18
40,23
40,23
40,53
40,57
40,72
41,0
41,1
41,14
41,29
41,35
41,38
41,59
41,59
41,62
41,68
41,72
41,73
41,75
41,76
41,87
41,98
42,19
42,29
42,34
42,36
42,37
42,43
42,58
42,61
42,71
42,8
42,86
42,89
43,11
43,2
43,25
43,26
43,3
43,43
43,50
43,59
43,64
43,73
43,80
43,90
44,100
44,12
44,42
44,62
44,84
44,91
44,92
45,10
45,15
45,22
45,23
45,29
45,29
45,31
45,37
45,5
45,59
45,63
45,68
45,75
45,80
45,85
45,94
45,96
46,16
46,2
46,2
46,21
46,25
46,26
46,44
46,45
46,46
46,55
46,59
46,74
46,99
47,1
47,15
47,24
47,29
47,34
47,35
47,41
47,5
47,56
47,60
47,74
47,74
47,78
47,85
48,12
48,14
48,20
48,32
48,43
48,54
48,63
48,69
48,81
48,98
49,34
49,40
49,49
49,67
49,85
49,92
5,12
5,13
5,15
5,25
5,27
5,45
5,50
5,50
5,51
5,57
5,59
5,7
5,70
5,85
5,85
5,90
5,91
5,98
5,98
50,12
50,14
50,41
50,41
50,45
50,47
50,63
50,8
50,80
50,83
50,93
51,0
51,19
51,40
51,43
51,61
51,62
51,68
51,70
51,70
51,73
51,74
51,80
51,82
51,92
52,16
52,25
52,30
52,48
52,53
52,56
52,6
52,63
53,2
53,25
53,39
53,58
53,78
53,88
53,88
54,24
54,49
54,56
54,57
54,66
54,83
54,91
55,3
55,41
55,42
55,57
55,68
55,78
55,98
56,100
56,22
56,26
56,53
56,63
56,80
56,92
56,92
56,99
57,16
57,20
57,23
57,43
57,56
57,60
57,64
57,65
57,7
57,79
57,85
57,89
57,9
58,21
58,3
58,30
58,40
58,41
58,45
58,49
58,79
58,92
58,97
59,0
59,13
59,19
59,47
59,63
59,9
59,91
59,96
6,1
6,58
6,60
6,89
6,90
6,95
60,0
60,41
60,62
60,9
60,98
61,2
61,47
61,92
61,93
62,19
62,25
62,25
62,3
62,50
62,50
62,53
62,54
62,58
62,79
62,86
62,87
62,9
63,10
63,12
63,27
63,29
63,38
63,60
63,69
63,7
63,7
63,8
63,92
63,98
64,17
64,18
64,21
64,65
64,70
64,79
64,79
64,82
64,82
65,2
65,22
65,45
65,51
65,59
65,65
65,92
66,11
66,2
66,22
66,31
66,36
66,59
66,62
66,67
66,70
66,84
66,84
66,99
67,12
67,20
67,25
67,3
67,30
67,46
67,52
67,61
67,70
67,91
68,0
68,17
68,25
68,29
68,44
68,75
68,82
68,93
69,10
69,26
69,35
69,40
69,40
69,45
69,46
69,49
69,49
69,56
69,60
69,9
69,98
7,10
7,11
7,13
7,51
7,64
7,76
7,8
7,8
70,20
70,28
70,37
70,57
70,80
70,89
70,97
71,18
71,32
71,5
71,54
71,56
71,64
71,69
71,74
71,81
71,84
71,85
72,20
72,22
72,28
72,43
72,44
72,84
72,95
73,100
73,22
73,33
73,41
73,42
73,65
73,70
73,76
73,76
73,91
73,96
73,97
74,22
74,3
74,35
74,43
74,48
74,58
74,62
74,72
74,81
74,91
74,94
74,95
74,96
75,2
75,22
75,64
75,72
75,90
75,93
76,20
76,35
76,54
76,78
76,81
76,88
76,92
76,93
76,99
77,12
77,32
77,40
77,45
77,50
77,67
77,83
77,92
78,13
78,21
78,25
78,45
78,49
78,51
78,59
78,73
78,86
78,92
79,13
79,26
79,31
79,35
79,36
79,40
79,46
79,5
79,72
79,92
79,93
8,0
8,15
8,20
8,37
8,5
8,7
8,91
80,0
80,12
80,15
80,28
80,48
80,52
80,6
80,78
80,8
80,92
80,98
81,11
81,20
81,22
81,27
81,30
81,40
81,63
81,69
81,80
81,96
81,99
82,45
82,68
82,71
83,0
83,12
83,16
83,18
83,31
83,37
83,40
83,50
83,67
83,84
83,92
83,98
84,13
84,19
84,65
84,66
84,74
84,77
84,80
84,80
84,83
84,88
84,94
85,55
85,59
85,61
85,66
85,70
85,73
85,90
86,12
86,14
86,20
86,25
86,35
86,40
86,44
86,58
86,7
86,74
86,77
86,79
86,9
86,90
87,21
87,28
87,45
87,69
88,19
88,37
88,47
88,59
88,81
88,86
88,87
89,0
89,16
89,21
89,29
89,42
89,53
89,63
89,65
89,90
9,15
9,34
9,36
9,63
9,64
9,9
90,2
90,23
90,27
90,43
90,46
90,6
90,74
90,76
90,82
90,94
91,14
91,38
91,41
91,56
91,93
92,10
92,23
92,4
92,59
92,60
92,66
92,71
92,72
92,73
92,89
93,12
93,15
93,19
93,25
93,48
93,55
93,96
94,14
94,16
94,22
94,43
94,44
94,45
94,45
94,51
94,64
94,71
94,79
94,91
94,97
94,98
95,0
95,18
95,26
95,27
95,33
95,35
95,67
95,69
95,8
95,80
95,81
95,81
96,12
96,12
96,28
96,31
96,47
96,55
96,6
96,76
96,81
96,9
96,91
96,93
96,94
96,96
97,0
97,27
97,36
97,44
97,45
97,56
97,58
97,6
97,75
97,88
97,9
97,97
98,0
98,17
98,23
98,3
98,38
98,42
98,5
98,52
98,64
98,78
98,82
98,89
98,89
99,0
99,14
99,30
99,40
99,42
99,45
99,79
99,88
99,98
